box
350 150 100 100 100 100

line
35 50 0 165 50 0
line
165 50 0 165 50 100
line
165 50 100 35 50 100
line
35 50 100 35 50 0

line
100 150 50 35 50 0
line
100 150 50 165 50 0
line
100 150 50 165 50 100
line
100 150 50 35 50 100

sphere
400 400 50 50

line
150 250 0 350 250 0
line
350 250 0 350 250 100
line
350 250 100 150 250 100
line
150 250 100 150 250 0

line
250 100 50 150 250 0
line
250 100 50 350 250 0
line
250 100 50 350 250 100
line
250 100 50 150 250 100

torus
250 250 50 10 150

line
250 400 50 150 250 0
line
250 400 50 350 250 0
line
250 400 50 350 250 100
line
250 400 50 150 250 100

ident
rotate
x 20
rotate
y 20
move
-10 40 0
apply

display
save
pic.png
